# Camera intrinsics for Gazebo simulated camera
# Matches the 640x480 camera with hfov=1.3962634 (80 deg)
cam_model: Pinhole
cam_width: 640
cam_height: 480
scale: 1.0
cam_fx: 381.36246
cam_fy: 381.36246
cam_cx: 320.5
cam_cy: 240.5
cam_d0: 0.0
cam_d1: 0.0
cam_d2: 0.0
cam_d3: 0.0
